structure(list(BODYFAT = c(12.6, 6.9, 24.6, 10.9, 27.8, 20.6, 
19, 12.8, 5.1, 12, 7.5, 8.5, 20.5, 20.8, 21.7, 20.5, 28.1, 22.4, 
16.1, 16.5, 19, 15.3, 15.7, 17.6, 14.2, 4.6, 8.5, 22.4, 4.7, 
9.4, 12.3, 6.5, 13.4, 20.9, 31.1, 38.2, 23.6, 27.5, 33.8, 31.3, 
33.1, 31.7, 30.4, 30.8, 8.4, 14.1, 11.2, 6.4, 13.4, 5, 10.7, 
7.4, 8.7, 7.1, 4.9, 22.2, 20.1, 27.1, 30.4, 24, 25.4, 28.8, 29.6, 
25.1, 31, 28.9, 21.1, 14, 7.1, 13.2, 23.7, 9.4, 9.1, 13.7, 12, 
18.3, 9.2, 21.7, 21.1, 18.6, 30.2, 26, 18.2, 26.2, 26.1, 25.8, 
15, 22.6, 8.8, 14.3, 20.2, 18.1, 9.2, 24.2, 9.6, 17.3, 10.1, 
11.1, 17.7, 21.7, 20.8, 20.1, 19.8, 21.9, 24.7, 17.8, 19.1, 18.2, 
17.2, 21, 19.5, 27.1, 21.6, 20.9, 25.9, 16.7, 19.8, 14.1, 25.1, 
17.9, 27, 24.6, 14.8, 16, 14, 17.4, 26.4, 17.4, 20.4, 15, 18, 
22.2, 23.1, 25.3, 23.8, 26.3, 21.4, 28.4, 21.8, 20.1, 24.3, 18.1, 
22.7, 9.9, 10.8, 14.4, 19, 28.6, 6.1, 24.5, 9.9, 19.1, 10.6, 
16.5, 20.5, 17.2, 30.1, 10.5, 12.8, 22, 9.9, 14.8, 13.3, 15.2, 
26.5, 19, 21.4, 20, 34.7, 16.5, 4.1, 1.9, 20.2, 16.8, 24.6, 10.4, 
13.4, 28.8, 22, 16.8, 25.8, 0, 11.9, 12.4, 17.4, 9.2, 23, 20.1, 
20.2, 23.8, 11.8, 36.5, 16, 24, 22.3, 24.8, 21.5, 17.6, 7.3, 
22.6, 12.5, 21.7, 27.7, 6.8, 33.4, 16.6, 31.7, 31.5, 10.1, 11.3, 
7.8, 26.4, 19.3, 18.5, 19.3, 45.1, 13.8, 8.2, 23.9, 15.1, 12.7, 
25.3, 11.9, 6.1, 11.3, 12.8, 14.9, 24.5, 15, 16.9, 11.1, 16.1, 
15.5, 25.9, 25.5, 18.4, 24, 26.4, 12.7, 28.8, 17, 33.6, 29.3, 
31.4, 28.1, 15.3, 29.1, 11.5, 32.3, 28.3, 25.3, 30.7), AGE = c(23L, 
22L, 22L, 26L, 24L, 24L, 26L, 25L, 25L, 23L, 26L, 27L, 32L, 30L, 
35L, 35L, 34L, 32L, 28L, 33L, 28L, 28L, 31L, 32L, 28L, 27L, 34L, 
31L, 27L, 29L, 32L, 29L, 27L, 41L, 41L, 49L, 40L, 50L, 46L, 50L, 
45L, 44L, 48L, 41L, 39L, 43L, 40L, 39L, 45L, 47L, 47L, 40L, 51L, 
49L, 42L, 54L, 58L, 62L, 54L, 61L, 62L, 56L, 54L, 61L, 57L, 55L, 
54L, 55L, 54L, 55L, 62L, 55L, 56L, 55L, 61L, 61L, 57L, 69L, 81L, 
66L, 67L, 64L, 64L, 70L, 72L, 67L, 72L, 64L, 46L, 48L, 46L, 44L, 
47L, 46L, 47L, 53L, 38L, 50L, 46L, 47L, 49L, 48L, 41L, 49L, 43L, 
43L, 43L, 52L, 43L, 40L, 43L, 43L, 47L, 42L, 48L, 40L, 48L, 51L, 
40L, 44L, 52L, 44L, 40L, 47L, 50L, 46L, 42L, 43L, 40L, 42L, 49L, 
40L, 47L, 50L, 41L, 44L, 39L, 43L, 40L, 49L, 40L, 40L, 52L, 23L, 
23L, 24L, 24L, 25L, 25L, 26L, 26L, 26L, 27L, 27L, 27L, 28L, 28L, 
28L, 30L, 31L, 31L, 33L, 33L, 34L, 34L, 35L, 35L, 35L, 35L, 35L, 
35L, 35L, 35L, 36L, 36L, 37L, 37L, 37L, 38L, 39L, 39L, 40L, 40L, 
40L, 40L, 40L, 41L, 41L, 41L, 41L, 41L, 42L, 42L, 42L, 42L, 42L, 
42L, 42L, 42L, 43L, 43L, 43L, 43L, 44L, 44L, 44L, 44L, 47L, 47L, 
47L, 49L, 49L, 49L, 50L, 50L, 51L, 51L, 51L, 52L, 53L, 54L, 54L, 
54L, 55L, 55L, 55L, 55L, 55L, 56L, 56L, 57L, 57L, 58L, 58L, 60L, 
62L, 62L, 63L, 64L, 65L, 65L, 65L, 66L, 67L, 67L, 68L, 69L, 70L, 
72L, 72L, 72L, 74L), WEIGHT = c(154.25, 173.25, 154, 184.75, 
184.25, 210.25, 181, 176, 191, 198.25, 186.25, 216, 180.5, 205.25, 
187.75, 162.75, 195.75, 209.25, 183.75, 211.75, 179, 200.5, 140.25, 
148.75, 151.25, 159.25, 131.5, 148, 133.25, 160.75, 182, 160.25, 
168, 218.5, 247.25, 191.75, 202.25, 196.75, 363.15, 203, 262.75, 
205, 217, 212, 125.25, 164.25, 133.5, 148.5, 135.75, 127.5, 158.25, 
139.25, 137.25, 152.75, 136.25, 198, 181.5, 201.25, 202.5, 179.75, 
216, 178.75, 193.25, 178, 205.5, 183.5, 151.5, 154.75, 155.25, 
156.75, 167.5, 146.75, 160.75, 125, 143, 148.25, 162.5, 177.75, 
161.25, 171.25, 163.75, 150.25, 190.25, 170.75, 168, 167, 157.75, 
160, 176.75, 176, 177, 179.75, 165.25, 192.5, 184.25, 224.5, 
188.75, 162.5, 156.5, 197, 198.5, 173.75, 172.75, 196.75, 177, 
165.5, 200.25, 203.25, 194, 168.5, 170.75, 183.25, 178.25, 163, 
175.25, 158, 177.25, 179, 191, 187.5, 206.5, 185.25, 160.25, 
151.5, 161, 167, 177.5, 152.25, 192.25, 165.25, 171.75, 171.25, 
197, 157, 168.25, 186, 166.75, 187.75, 168.25, 212.75, 176.75, 
173.25, 167, 159.75, 188.15, 156, 208.5, 206.5, 143.75, 223, 
152.25, 241.75, 146, 156.75, 200.25, 171.5, 205.75, 182.5, 136.5, 
177.25, 151.25, 196, 184.25, 140, 218.75, 217, 166.25, 224.75, 
228.25, 172.75, 152.25, 125.75, 177.25, 176.25, 226.75, 145.25, 
151, 241.25, 187.25, 234.75, 219.25, 118.5, 145.75, 159.25, 170.5, 
167.5, 232.75, 210.5, 202.25, 185, 153, 244.25, 193.5, 224.75, 
162.75, 180, 156.25, 168, 167.25, 170.75, 178.25, 150, 200.5, 
184, 223, 208.75, 166, 195, 160.5, 159.75, 140.5, 216.25, 168.25, 
194.75, 172.75, 219, 149.25, 154.5, 199.25, 154.5, 153.25, 230, 
161.75, 142.25, 179.75, 126.5, 169.5, 198.5, 174.5, 167.75, 147.75, 
182.25, 175.5, 161.75, 157.75, 168.75, 191.5, 219.15, 155.25, 
189.75, 127.5, 224.5, 234.25, 227.75, 199.5, 155.5, 215.5, 134.25, 
201, 186.75, 190.75, 207.5), HEIGHT = c(67.75, 72.25, 66.25, 
72.25, 71.25, 74.75, 69.75, 72.5, 74, 73.5, 74.5, 76, 69.5, 71.25, 
69.5, 66, 71, 71, 67.75, 73.5, 68, 69.75, 68.25, 70, 67.75, 71.5, 
67.5, 67.5, 64.75, 69, 73.75, 71.25, 71.25, 71, 73.5, 65, 70, 
68.25, 72.25, 67, 68.75, 29.5, 70, 71.5, 68, 73.25, 67.5, 71.25, 
68.5, 66.75, 72.25, 69, 67.75, 73.5, 67.5, 72, 68, 69.5, 70.75, 
65.75, 73.25, 68.5, 70.25, 67, 70, 67.5, 70.75, 71.5, 69.25, 
71.5, 71.5, 68.75, 73.75, 64, 65.75, 67.5, 69.5, 68.5, 70.25, 
69.25, 67.75, 67.25, 72.75, 70, 69.25, 67.5, 67.25, 65.75, 72.5, 
73, 70, 69.5, 70.5, 71.75, 74.5, 77.75, 73.25, 66.5, 68.25, 72, 
73.5, 72, 71.25, 73.75, 69.25, 68.5, 73.5, 74.25, 75.5, 69.25, 
68.5, 70, 70, 70.25, 71.75, 69.25, 72.75, 72, 74, 72.25, 74.5, 
71.5, 68.75, 66.75, 66.5, 67, 68.75, 67.75, 73.25, 69.75, 71.5, 
70.5, 73.25, 66.75, 69.5, 69.75, 70.75, 74, 71.25, 75, 71, 69.5, 
67.75, 72.25, 77.5, 70.75, 72.75, 69.75, 72.5, 70.25, 69, 74.5, 
72.25, 67.25, 73.5, 75.25, 69, 72.25, 68.75, 71.5, 72.25, 73, 
68.75, 70.5, 72, 73.75, 68, 72.25, 69.5, 69.5, 67.75, 65.5, 71, 
71.5, 71.75, 69.25, 67, 71.5, 69.25, 74.5, 74.25, 68, 67.25, 
69.75, 74.25, 71.5, 74.25, 72, 72.5, 68.25, 69.25, 76, 70.5, 
74.75, 72.75, 68.25, 69, 71.5, 72.75, 67.5, 70.25, 69.25, 71.5, 
74, 69.75, 73, 65.5, 72.5, 70.25, 70.75, 68, 74.5, 71.75, 70.75, 
73, 64, 69.75, 70, 71.75, 69.25, 70.5, 72.25, 67.5, 67.25, 68.75, 
66.75, 68.25, 74.25, 69.5, 68.5, 65.75, 71.75, 71.5, 67.25, 67.5, 
67.5, 72.25, 69.5, 69.5, 65.75, 65.75, 68.25, 72, 72.75, 68.5, 
69.25, 70.5, 67, 69.75, 66, 70.5, 70), NECK = c(36.2, 38.5, 34, 
37.4, 34.4, 39, 36.4, 37.8, 38.1, 42.1, 38.5, 39.4, 38.4, 39.4, 
40.5, 36.4, 38.9, 42.1, 38, 40, 39.1, 41.3, 33.9, 35.5, 34.5, 
35.7, 36.2, 38.8, 36.4, 36.7, 38.7, 37.3, 38.1, 39.8, 42.1, 38.4, 
38.5, 42.1, 51.2, 40.2, 43.2, 36.6, 37.3, 41.5, 31.5, 35.7, 33.6, 
34.6, 32.8, 34, 34.9, 34.3, 36.5, 35.1, 37.8, 39.9, 39.1, 40.5, 
40.5, 38.4, 41.4, 35.6, 38, 37.4, 40.1, 40.9, 35.6, 36.9, 37.5, 
36.3, 35.5, 38.7, 36.4, 33.2, 36.5, 36, 38.7, 38.7, 37.8, 37.4, 
38.4, 38.1, 39.3, 38.7, 38.5, 36.5, 37.7, 36.5, 38, 36.7, 37.2, 
39.2, 37.5, 38, 37.3, 41.1, 37.5, 38.7, 35.9, 40, 40.1, 37, 36.3, 
40.7, 39.6, 31.1, 38.6, 42, 38.5, 34.2, 37.2, 37.1, 40.2, 35.3, 
38, 36.3, 36.8, 41, 38.3, 38, 40.8, 39.5, 36.9, 36.9, 37.7, 36.6, 
38.9, 37.5, 39.8, 38.3, 35.5, 36.3, 37.8, 37.8, 36.5, 37.8, 37, 
37.7, 34.3, 40.8, 37.4, 36.5, 37.5, 35.5, 38, 35.7, 39.2, 40.9, 
35.2, 40.6, 35.4, 41.8, 34.1, 37.9, 38.2, 35.6, 38.5, 37, 35.9, 
36.2, 35, 38.5, 40.7, 36, 39.5, 40.5, 38.5, 43.9, 40.4, 37.6, 
37, 34, 38.4, 38.7, 41.5, 36, 35.3, 42.1, 38, 42.8, 40, 33.8, 
35.5, 35.3, 37.7, 39.4, 41.9, 38.5, 40.8, 38, 36.4, 41.8, 40.7, 
38.5, 35.4, 38.5, 35.5, 36.5, 37.6, 37.4, 37.8, 35.2, 37.9, 37.9, 
40.9, 41.9, 39.1, 40.2, 36, 34.5, 35.8, 40.2, 38.3, 39, 37.4, 
41.2, 34.8, 36.9, 39.4, 37.6, 38.5, 42.5, 37.4, 35.2, 41.1, 33.4, 
37.2, 38.3, 38.1, 37.4, 35.2, 39.4, 38, 35.1, 40.4, 38.3, 40.6, 
40.2, 37.9, 40.8, 34.7, 38.8, 41.4, 41.3, 40.7, 36.3, 40.8, 34.9, 
40.9, 38.9, 38.9, 40.8),